2,506,199,22
352,38,520,171,442,100,2,27,1
2,186
8,76,1,2
199,43,2,61
28,70,2,261,16,19,220,74
2,22,1,128
102,2,507
2,19,16,130,522
2,31,32
68,1,69,70,2,71,35,72,73,44,74,22,75
23,132,335,37,2,82,40
118,14,2
66,54,118,1,38,250,564,313,2,3
186,158,2
2,118,11
234,288,415,22,2
45,39,2,1,25,27
238,165,239,78,2,185,240,86
19,2,16,1
37,2,82,16
23,1,2,27
80,84,2,184
2,1,137
2,147
1,2,79
87,110,78,2
4,492,58,345,23,241,2,38
54,1,2
13,2,35,307
1,147,2,223,28
3,4,2,250,139
132,187,199,2,102,28,1,25
573,40,132,2,185,174
85,61,268,37,1,153,2
117,2
2,1,155,310,32,136
3,2,372
2,43,175
2,1,434,433,22,306
11,2,36,22
2,211
103,2,22,31
1,23,28,2,17,13
1,2,187,25,627,628
146,120,1,2
2,174,17,28,211
48,28,1,2,161,306
43,436,437,2
228,82,1,2
28,27,2
26,423,2,112,130
61,2,372
1,5,2,592,601
2,250,64,82
1,2,25,137
187,2,25,492,3,102
26,2,1,3
1,159,2
1,2,109
2,213
1,160,2,63
2,122,1
2,409
2,38,341,62,25,228
2,1,32,22,38,238
2,25,245
2,385
25,78,287,1,2
43,2,65
310,166,58,25,38,2,40
2,524,505
2,80,211
25,2,1,3,207,260
2,282,311,3
27,38,39,40,2,25,1
13,326,112,1,25,2,98
2,1,79,8
37,498,130,43,347,1,132,25,35,280,2,22
23,49,82,255,2,1,189
211,2
231,68,232,2,233,234,235
2,146
2,313,62,66
382,397,308,156,1,448,203,37,193,22,447,2,25,187
17,79,2
2,1,126
1,80,2
2,32,160,1,55
2,203,296,297,83,28,25,82
64,3,373,17,78,2
38,28,1,41,2,118,51
25,521,162,2,1
93,447,2,35,3
2,185
1,25,27,167,2
2,246,135,1,232,41,91
2,483,147,46
1,142,2
38,72,2,213
56,2,28,493
32,2,37,339,43
39,27,1,2,25,377
41,1,54,2,28,12
282,2
1,41,2
2,1,104
2,124,505,336,303,11,139,118,1,23
3,137,1,2
224,225,2
211,2
2,324,43,132,38,32
1,101,2,49,32
149,171,78,172,173,2,174
483,2,523
2,280,1
577,1,409,2
2,418,108,53,187
17,25,78,166,167,35,2,130,44,58,74,168
149,156,78,2,42,306
1,28,2,66,11
78,3,82,49,2,71,101
1,101,2,256,12,11
180,184,2
17,11,2
11,207,2
2,130,1
370,569,1,2
2,62,63,64,26
2,25,130,1
2,27,152
1,130,2,145
176,2,87,25,1,112
431,1,2
2,13,112
2,27
130,82,1,2,69
2,25,149,1,3,27
256,3,40,25,2
201,2,23
423,2,443,110,624
22,3,99,520,2,201
2,1,64,409
14,25,1,2
2,304
38,1,147,2
1,2,401
54,1,2
26,2,78,27
2,257
114,1,2,184
2,1,76,22,118,261
2,25,38,1,17
2,181,138
11,2,207
2,1,147
2,1,112
2,187,22,79,1,156,85
2,31
2,207
2,348
28,93,51,1,2
2,79
1,27,2,25,610,637,608,638
2,25,1,38
40,66,87,137,1,2
3,39,153,188,27,2,64
41,2,404
64,2,43,175
2,211
76,1,2
13,2,1
2,198
25,1,217,2
85,2,38,142
56,2,177
2,325,64,55,1,80,265
11,79,118,112,2,1
2,154,22,1
1,60,2,25
27,54,2
250,25,2
122,2,82
110,2
2,25,303,246,603,604
533,32,61,534,2
54,2
2,11,23,25
43,124,125,2
2,110
571,572,2
2,155,1
1,38,28,22,2,25
267,2
82,318,2,424
358,2,230,26
2,142,25
2,1,79
220,1,2,280
2,27
2,390,34,35,391
80,2
12,2,331
132,291,28,482,124,2,1
27,1,186,2,112,46,65
37,28,25,1,304,2
1,20,21,22,23,2
11,2
56,101,28,442,2,23,1,130,44
2,154
2,362,28
2,179,424,1,82
110,149,27,1,37,2,51,560
79,1,8,22,2
32,1,142,23,2,165
1,217,2
1,2,17,38,187,230
78,2,1,130,74,306
490,2,37,445
303,306,291,2,3,118,43
1,2,46,41
2,1,51
49,146,28,2
2,523,1,155
51,52,2,53,54
44,64,2,82,3
2,21,193
132,139,2
145,2,76,64
2,27
1,2,110,78,68
2,434,291
147,2
181,345,1,25,2,51,22,110
150,151,2,32
205,2,206,25,207,28,11,22
130,489,2,187,167
2,1,406
1,2,351,480,22,23
22,1,46,23,137,149,2
3,2,39,179,1
283,1,2,284,113,285
78,255,256,25,2
303,246,2
25,1,27,2
1,62,2,10
28,51,3,2,600
1,2,14,118,488
2,122
17,220,22,1,38,28,2
167,40,528,529,530,313,49,2,100,340,139
2,55,171
54,2
38,56,25,2,132,3,402,54,1
142,2,55
2,219,102,17
11,1,207,37,2
80,1,14,2,23
128,2
157,2,100,37,4
28,87,102,358,110,306,2
41,54,1,2
1,2,11,102
62,2,14,129,361
330,3,202,2,1,148,188,76
28,219,1,2
267,187,25,2,102,87
353,1,2,16
25,82,1,2
2,180,561,43
2,265,553,1,116
102,1,2,198
16,1,2
155,580,22,581,2,25,483,230
1,329,2,25
80,227,14,2
2,37,25,1,558,28
3,444,433,2,95,358,482,37,491
2,28,160
49,50,2,1
79,3,2,119
326,1,73,477,2
2,112
308,25,1,2,38,447,40,449
2,28,46,1
2,128,1
2,25,27,487,78,196
2,1,160
82,27,2,341
1,2,284
155,2
65,2,1
63,417,2,65,103,145
211,2,1
95,2,227,447
23,2,213,1,440,441
2,384,1,74,25,599,585,609,626,592
57,1,28,2,36
103,2,134,1
32,153,1,38,2
416,1,25,2,165
179,3,1,2,100
97,155,264,135,2
152,258,2,25,1
8,79,143,2
150,2,38
2,147
211,2,1
2,453,502,1
2,92,413
2,142
2,329
3,2,386,155,130,79,187,585,609,610,592,603,611,612,613,614,615,616,617
137,1,2,25,471
1,2,241
143,207,1,2
1,72,2,213
2,25,1,183
2,213
127,2,13,1,112
3,2,25,170
14,2,249
329,2
2,274,153,82,37
100,109,2,3
79,23,9,22,325,78,1,2
2,22,105
2,122,102,25,1
291,25,82,23,2,303,1
2,39,188
2,58,99,241
2,426,25,1
28,3,16,25,1,66,2,468
2,99,67
80,304,2,385
23,27,3,520,2
62,126,1,2
2,109
2,1
1,25,40,154,2
25,2,1
2,28,128
116,1,2,25,187,38,404,455
38,1,2,17
38,2,1,11,497
93,2,118,1
2,194,195,196
147,28,2
35,253,1,254,22,2,114
112,174,2,127
433,434,2
1,61,2
25,4,64,2,85,18,79,1,86
2,82,25,320
239,2,535,250,142,352
146,2
98,35,155,13,156,2,1
2,239,364,43
311,2,25
28,2
25,145,58,2
80,2
8,2,10
187,25,109,2,314,1,220
102,307,37,265,97,13,2
289,23,78,2,1,574
2,49,146,1,517
37,175,2,43,1
230,280,2,621,629
56,2,118
2,104,1
82,2,1
11,2
25,2,3,185,35,538
145,79,2,76
25,2,1,109
2,183,1,127,112,13
2,184
127,2,112
118,11,1,2
2,14
23,153,61,106,2,462,12
23,2,1,280,281,22
1,130,76,2
2,1,102
4,2,1,82,102,68
253,2
60,35,404,19,2,4,447
2,65
2,9,8
83,61,84,2,23
1,132,27,41,2,3,23
300,2,23
26,54,2,102
188,2,25
2,1,87,72,88
93,94,95,96,97,98,2,99
2,217,1
2,79,202
1,2,110
137,491,2
364,1,2
2,207,11,28
345,2,241,1
2,3,27
2,262
120,83,2
274,28,2,457,360
11,2,22,1
27,2,1
2,37,1,55
332,303,246,124,62,23,1,2
358,2,43,42
2,10,1,4,79,37,3
218,116,1,2
8,79,2
137,156,2
2,3,25,138,78,12,38
37,1,25,2,351,11
2,28,1,274
164,165,55,63,25,2
124,234,3,140,567,250,2
28,2,36,1
212,2,32
2,27
2,118
26,2
2,147
129,38,74,2,130,44,58
2,247,1,80,17,38
2,130
130,2,212,28,1,76
2,58,312,156
1,13,35,2
137,34,118,2,1
2,123,23,1,28
12,137,37,3,25,291,1,2
2,1,182,65,63
326,187,20,511,22,2,93,16
2,163,211
223,37,222,2,28,3,1
2,14,17
148,132,2,309,326,25,40,98
3,183,2,265
299,122,2,1,306
2,13,220,306
1,100,44,199,2,376
43,1,2,135
397,335,2
217,2
25,2,65,1,26,158,130
11,2
51,2,3,1
2,568,25,1,195
25,1,2,51,40
28,29,1,30,2
3,130,28,63,2,53
2,220
19,146,101,2
136,25,1,2
2,152,1,25,27
25,170,2,1,136,28,39,23,3
13,112,2,145,79
188,2,110,484,93,80,35
393,2,25
257,2,171,78
244,2,9
11,22,28,1,187,2
230,2,32,1,38,549
2,145,144,79
2,1,8,62
329,1,248,2
98,80,112,2
185,565,53,2,22,79
2,38,28
112,2,592,594
2,157,1,211,28,82
55,37,62,1,64,2
257,2,198,1
1,27,25,4,2,152,110
43,2,105,40
0,156,87,2,438,99,439,38,1
2,28,414
93,1,352,2
17,112,132,1,35,137,2
37,162,1,2
2,520
73,28,1,2,25,40
446,2,447,448,25,80,187,449
79,220,28,2,1
566,1,25,2
110,2,1
159,193,519,93,2,25,1
1,37,23,76,145,2,79
204,1,2,27,167,188
2,1,170,25
147,2
1,25,27,2
143,2
16,49,2,1
220,27,39,2,1
1,81,25,321,323,2
11,2,1
21,410,28,2,411
1,83,2,122,299,87
65,28,45,2,66,25,46,1
78,25,402,1,158,40,75,449,2
2,72,213,1,32,25
25,40,147,2,187
315,110,37,137,2,1
2,318,346
2,267,1
273,3,2,28,1
25,2,1,317
118,25,49,1,132,133,2
257,1,25,2
1,2,36,38
11,122,2,447
37,2,426,1
242,2,243,244
2
3,230,2,25
578,579,318,2,229,402,136
229,25,195,2
2,118,46,54,198,51,16
54,2,28
1,303,246,2
2,54,22,1
28,2,142,40
221,2,38,102,157,22
37,11,443,207,2,62
2,31,26
2,76
2,19,13,98,1,230
208,1,2,38
506,1,2,3,514,51,228
13,2,1
1,153,2,62,431,23
2,93
2,145,40,79
2,1,207
211,2,87,304
37,17,61,1,398,2
83,25,1,2
25,123,2
44,49,2,25,11,74,16,162,40,1
128,2
2,42,43,44
2,359
2,1,397,25,306,182
81,2,51,592
2,1,217
1,79,145,2
79,28,22,3,2,117,520,73,495,51,163
64,3,43,1,2,442
12,118,1,28,11,242,2
61,372,22,9,2
62,1,54,2
2,80
79,13,426,182,290,26,35,76,145,112,2
236,237,1,2,25,37
1,28,27,37,39,2
178,2,1,25
1,5,23,2
2,177
523,157,2,483
2,20,1,28
211,2
2,105,489
2,28,313,25,66
137,138,2,1
145,2,28,242,530,23
503,504,1,2
2,447,156,93
2,289
2,145,76
2,496,28,78,32,465,306,43
44,229,2,25,138
28,2,23,31,26,1
54,2,102
1,157,2,312
127,2
25,2,27,135,1
317,1,25,3,2
474,475,476,2
1,2,54
2,65,130,187
1,9,10,2
387,388,2,20,1
2,40,145
3,1,26,2,28,257
211,2,40
2,1,211
2,446,156,448
2,145,158
38,189,2,1,25,39
2
1,2,4
39,2,1,109
2,1
80,2
325,82,25,321,2,37,58,41,80
2,207,37,1
1,2,41,118,142
51,2,442,430
2,147,1
2,31,187,25
28,68,40,2
2,518,245,1
49,2,50
244,2,1
32,43,2,1,329
1,487,2,144,9
12,2,23
2,233,354,127,13,112
2,51,257
152,2
260,261,2
2,298
83,187,2
14,1,62,118,2,99,3
112,1,13,19,98,290,2,97
195,2,25,1
80,414,2
198,2,116
384,2
1,2,36
43,2,58
79,62,2,130
25,154,1,41,2
54,2,1
27,2,3
75,2,308
2,146,49,1
452,51,1,118,2
142,28,1,2
2,16,1,317,153
147,22,16,2,38,432,1,25
269,270,2
188,2,1
48,1,118,2
173,1,234,2,135,82,109
0,1,2,3,4,5,6
139,306,173,234,28,2,392,393
161,3,428,2,1
37,43,2,207
3,328,2
1,78,158,2
2,536,23
2,1,36
16,85,19,2,43,122
138,2,1
32,93,2,260,43,25,3,1,302
117,2
222,49,17,187,362,363,2
2,145
1,2,198
49,48,101,1,23,322,28,2
1,406,86,25,2
198,2
2,216,545,1,241,28,190
2,312,16,1
11,1,3,22,2,25,132
79,2,9,1
127,2,220
2,257
27,1,39,25,63,2
2,1,397
97,3,307,2,1,98,13
0,20,74,35,1,2,80,465,156
14,102,3,2
1,286,287,3,2
37,2,1,3,148,68,202,203,204
2
186,2,65
27,2
357,43,463,12,1,2
2,13,19,26
248,1,2
2,1,62,3,43
2,100,25
3,39,2,62,27,153
13,17,2,1
145,76,2,1
2,1,183,26,13
2,44,1,170,39,379
359,38,2,82,37,40
40,82,1,2
80,2
110,1,2
2,146
26,1,2,112
43,2,394
381,1,2
217,1,2
2,63
2,116,16,324
55,2,25,28
211,2,17
14,1,2,403
276,109,277,2,187
2,1,112
1,2,26,112
2,154
2,16,25,22
584,2
102,97,23,557,1,28,2
2,24
2,3,28,11,4,37
2,76,1
207,2
40,28,38,268,2
1,24,2
28,2,1
2,51,382,66,383,46
3,203,2,1
2,23,537
22,2,355
1,118,37,14,2
2,25,1,12,137
38,186,56,2,76
2,54
417,464,2,22
32,187,196,224,225,226,22,2
4,447,2
41,2,26
25,82,1,2,38
2,207,11
2,14,118,1
2,11,207,17
31,2
128,25,2,633,634
2,82,27
142,2,55,1,64
2,154,1
2,11,198,1,23
25,16,93,2,0,40,1,193
2,1,25,313,66
82,2
315,542,429,2
2,91,92
1,130,2
2,275,1,3,34
80,2,1,25,14
145,76,2
14,22,163,2,304,1
2,207,1,11,23
453,2,25,1
2,1,183,3
37,154,2
167,2,93,130
2,1,11
155,2
11,2,1,12
2,28,22,137
1,60,23,79,2,25
58,447,19,446,2
154,2
434,2,38,25,3,546,315,132,1
2,238,306,592
25,2,122
8,1,2
447,2,231,543,19,93
9,87,326,229,2,479
25,22,142,1,2
17,2,289,5,41
82,256,25,1,2,153
2,7,1
1,2,142,37,16,30
2,432,100,473
27,2,22,152
38,2,67
198,118,2,137,1,12
1,25,36,116,271,2
177,2,1,25
406,1,2
197,16,11,1,2,220
79,1,2,220,486,112
2,123,16,142,165,238,19
38,22,160,113,1,2
137,2
2,39,37,103,26,489
113,365,160,2,25,260,63
178,2,305,306,64,142,250
2,1,290,98
127,43,112,2,8,13
25,62,1,2,38
25,1,2,3,37,72,327,42,87
238,2
43,49,1,2,101
2,1,82,44,74
2,487,340,196,28,23,37
1,2,102,54
1,29,2,64
252,124,234,2,1
2,1,144,79,187
2,1,323,321
114,184,160,2
217,2
2,1,27
2,64,55
5,2,197,1
2,38,126,11,1
2,257
155,65,2
506,219,25,2,1,592,609,626
2,152,1,38,27
28,23,2,1,11,207
80,25,2,304
25,28,2,78,68
388,3,99,43,22,2,27,28,37
16,2,25
1,2,25,3,360
28,2,1,455
378,1,74,2,195
148,2
23,2,405
2,112,1,23,37,127,3,182
2,1,17,262
2,31,25,148
162,2
162,1,2,42,87
46,2,1,51,61,3,40
130,2,76,139
16,2,142
12,242,1,2
28,2,1,426,427
25,79,220,417,2,37,144,13,1,9
186,2,62,79
41,46,5,2,1,506
2,1,281
1,113,253,106,38,115,2
78,118,125,3,130,429,1,2,23,43
23,2,1,217
203,1,51,2,61,3
19,220,13,2
37,82,2,167,27
65,2,1
97,112,2,1
2,80,87,304
53,52,87,2,1
1,2,80
2,142,64
16,2,142
130,2
2,11,1,118,28
1,198,2,22,25
1,161,86,2,25,55,64
2,171,20
82,2
28,9,2,8
161,443,2,142
79,2
123,1,16,4,2,61
82,145,3,2
343,1,2,436
27,2,1,338,201
1,2,53,56,32,76
512,43,1,2
2,25,216,23,3,1,56,38
2,41,1,225,172
2,483,13
1,2,267
300,23,402,2
80,22,1,2,147
24,25,1,2
355,356,1,2
313,25,11,4,2,66,466,1
2,244,1,62
1,40,2,147
582,62,37,2
1,320,2,537,25
37,2,1,82
2,152,11,174,46,118,1,61
11,2,25
186,1,137,2
147,37,2
21,2,25
212,2,1
22,2,188,1,311
187,1,159,217,2,612,621,592,606,610,598,622,594,617,623
98,16,290,2,478,127,1,35
12,2
317,2,1,82
148,26,2,1
2,137
2,170,1,82,37
13,1,19,2
74,130,16,340,2
1,284,2
188,3,2,31,22
1,82,188,25,327,93,127,2
2,65,1
2,63,28,131
2,82
121,122,1,37,123,2
27,1,2
2,1,386
2
2,253,113,114
82,403,2,1,369
65,2,1,25
148,2,156,134
381,3,25,2
54,2
128,1,163,2,352
540,541,2,28,635
2,435
2,152,25,99
2,156
1,355,379,202,2,73,119,69,32
554,1,2,315
188,139,1,44,0,2,347,37
2,56,1
1,64,2,102
2,22,213
2,8,79,76
2,85
122,2,1,270
37,2,79,1,62
138,386,23,352,2,132,40
187,2,1,23,93
145,1,2
25,409,2,1,112
54,2,1
45,76,8,3,23,2
2,257
2,65,102,186,22
37,2,425
2,187,1,396,25
2,31
76,1,2
165,55,64,187,2,26,61
1,27,2,187
523,130,2,1
2,66
1,193,74,398,25,2,101,49,31
1,126,2
82,28,40,2,1,136
2,11
142,28,2
28,1,2,51,137,112,250,43,152
1,211,2,3
1,189,40,28,39,25,2
2,25,82,27,3,1
2,186
2,25,62,1
125,288,2
58,203,38,2,43,37
1,142,2
3,2,25,1,27
2,1,28
201,25,27,2
68,71,78,40,280,1,2
54,2
2,202,28,69,186,22
184,114,113,2
1,62,2
23,46,110,174,25,2,145
2,1,25
2,25,82,1,593
148,2,13,171
25,58,2,371
16,357,454,356,19,2
2,423,142,1
53,1,2
25,2,169
2,207,11,26
2,555,101,556,22,43,193
481,22,1,38,497,2
2,158
79,2
62,2,1,11,25,38
25,23,2,291,434
116,117,2
48,2,63
82,25,302,2,1
28,144,2,79,1
1,14,2
159,1,2
2,28,57
79,2,1,144
2,103,201
2,25,43,175,1
28,1,55,2,64,61
147,2
1,325,2,17,66,313
43,1,2,216
257,25,2,1
379,170,2,82
203,2
1,33,34,35,2
2,25,287
152,2,1
23,31,2,583,187,40,3
2,161,64,16
25,2,1,154
38,1,17,2
2,304,1
348,2
137,78,23,2
217,1,2
2,28,26,112,1
2,54
116,2,1,156
31,2,25
245,158,402,2
2
1,217,2
1,2,64
2,26
23,220,290,1,2
213,2
247,2
138,2,317
40,2,37,76
2,467,223,28,22
2,142
178,2,109,129,1
1,2,3,27
25,568,2,195,1
27,2,152,1,3
25,79,28,220,2
25,2,1,82
112,127,2,13
34,2,1,38
61,76,2,466,106,145,1
1,62,2,39
51,1,2
43,65,2
2,163,14
44,167,2,340,130,1,45
246,1,2,124
61,261,2
137,336,1,43,337,2
25,2,23,251
2,79
2,27,38
37,17,82,38,1,2
38,11,2,26
2,12,79,83
531,113,2,28,22
69,1,148,31,132,2,149
1,207,25,138,11,2
2,262,131
209,2,25,210,211,1,118
1,2,130,145
16,170,2,1,68
38,295,2,32,58,43,25
43,1,112,2,14
27,25,2,103
2,67
2,1,609,610,598,592,639,636,634,640,641,608
3,2,36,37
65,2
217,1,2
381,181,40,2,190,134
1,22,354,25,83,2
2,211,25
2,1,67
2,1,282,25
114,2,184,1,160,23
198,1,2
198,1,2
40,325,402,142,65,2
28,25,2,41
358,48,2,313,46,61
61,18,1,2
65,25,2,35,130
306,161,93,2
1,265,430,467,138,2,25,62,28
117,2,1,182
132,40,78,2,79
2,82,229,25
106,65,107,0,2,108
46,2,3,63,259,130,27
2,38,1,93
156,109,2,1,25
163,118,2,14,25,1
348,61,1,2,108
23,130,2
2,152,238,61,417
469,470,2,211,427,1
79,143,144,145,2,1,3
203,2,1,461,462
402,2,16,142
61,41,2,376,64
472,100,167,2,1
217,40,2,260
109,2,315,224,527
40,55,2
13,1,261,2
137,19,93,2,233,594,600,592,606,607,608
1,2,138,65,187
3,213,26,38,2,1
87,72,43,299,2
142,1,2,402,187
2,28,499
31,2
65,1,2,27,585,625
2,80
2,109
2,348
28,485,156,2,1
2,22,114,1
28,110,135,3,35,2,25
21,2
2,105
293,2,294
207,1,2
332,90,2,605
2,102,217
353,49,102,1,116,2,23
5,118,2,22
11,2
2,1,222,223,219
1,2,152,25,27
2,211,1
25,1,2,27,61
118,2,54,41
2,40,122,1,139
211,2
98,112,1,127,13,2
163,14,1,211,2
28,220,27,2,136,1
2,544
9,1,218,61,2,65
207,28,1,2
11,2,87
2,25,17,40,1,200,138,201
1,2,78,22,190,191,3,192
3,550,1,551,552,2
74,35,299,139,2,122
28,2,87,1,111
112,432,2,127,13
2,1,28,319,22,62,35,3,213,33,132,320
2,197,157
49,99,18,2,210,168
78,130,2
2,11,1,62,207
112,41,113,114,2,26,1,115,61,594
142,2,1,63,41
22,114,2
66,313,2
189,122,2
2,1,38,28,110,132,46,48
2,110,25,78
2,25,55,267,1
2,268,28,342,343
18,2,82
102,3,201,43,2,1
2,516
78,171,40,2,345,264
1,139,22,2,402
25,2,62
2,274,1,25
122,37,82,1,25,2,257
9,61,2,256,1
2,1,25,114
2,62,48,1,576
440,1,2
386,2,318,212,41,442
37,25,1,62,2
16,2,18,32,79,34
548,1,2
2,114,184
1,11,207,82,37,2,389
120,2,344,345,231,95,35,138,188,126,1,159
187,2,37,1,500,38
25,2,87,1,23,444
2,1,73,220,38
37,3,2,436,62
163,1,2
1,2,25,3,170
360,78,2,274
418,2,130,419,618,619,591
137,2,82,1
25,2,182,1,27,39
211,23,1,2
2,153,430,136,395,23
481,41,2
24,381,2,630,631,613,632
2,147
155,2
130,28,2,35,51,76,139,79,163,9
163,2,1
130,177,501,68,272,148,2,171,153
1,130,2
2,39,27
2,267,1
79,1,2
2
62,2,3,153
184,22,2,41,1
98,2,13
510,2,1
1,307,112,35,2
3,41,2,68,78,1
136,2,1
8,2,23
1,79,8,2
2,1,25,14
225,156,288,187,3,78,2
17,23,2,445,40
2,3,1,136
156,118,46,54,1,56,25,48,3,2
37,23,1,2,274
1,2,420,421,422
2,265,266,1,40,267
86,2,55
161,26,138,170,1,2,379,152
2,134,43,1
1,329,2
2,329
2,130,1
2,403,1
1,508,250,509,510,2,409
38,253,113,2
2,1,112,272,183,35
1,98,220,2
2,83,17
1,256,2
2,201,17,1
64,25,239,50,2
2,143,1
1,78,385,2
2,513
1,2,29
82,2,201
2,56,160
2,1,27,52,53
2,11
28,1,2,532
2,28
374,101,1,375,2,25
2,175,43,1
2,89,90
137,2,78,136,1,25
408,2,27,18,17,409
2,137,412,12
430,2,1,28,11
112,26,2
41,43,2
147,41,25,2,37
32,43,2,512,23
145,1,2
2,79,38,76,0,1
147,2
22,295,2
43,1,72,2,25
2,1,66
211,1,2
1,2,303,125
2,1,118,112,424,26
2,153,154
1,2,298
1,287,132,2
46,1,38,220,11,25,28,26,2
1,2,80,153,218
144,145,2,80
430,321,2,323,1
2,1,82,3,40
370,167,28,306,2,155
82,18,2
1,2,496,242,22,12
2,75
62,2
43,40,21,2
93,371,1,3,2,82
26,27,2,1,25,3,22
9,2,152,1
25,2,329,58,43
2,16,1,135,25
167,2,25,1
1,317,2
8,9,2,10
235,2,25,1,137
2,25,152,27
23,37,2,397,28,3
2,17,62,201
1,294,293,43,2
267,1,78,2
145,79,2,25
82,2,17,1,28
41,2,1,25,3,78
2,64,1,603
2,41,93,214,25,215,1
82,1,2
128,22,35,2,80
2,250,399
291,141,358,2,1
1,195,2,22
2,317
40,2,1,68
128,2,80,211,227
189,153,25,2,62,1,11
2,241,74,1,25
123,2,23,592,612,610,609,608,617,594
54,38,2,1
345,82,2,1,182,241
2,385,80
2,16,402
28,13,2,112,35,290
2,11,146,1,137,49
2,1,407
456,239,43,1,2
443,130,116,23,2
2,57,187,11
2,1,34
2,369,211,163,1
25,304,2
19,13,1,112,2,163,98
2,67
3,53,373,156,1,2
117,2
2,127,112,1,28,26
55,61,29,2,1
2,11
1,169,2
66,1,265,28,2
2,41,78,241,25
146,49,193,2
2,102,211,163
1,25,2,100
110,393,1,167,17,28,130,65,2
3,13,19,98,2
1,147,2,11,22
1,2,3,13,585,586
1,2,51
25,1,27,187,201,2
82,1,241,3,2
125,79,482,2,22,118,28
22,213,42,2,127
16,28,2
2,1,25,186
2,87
51,2,61
11,187,22,25,28,2
77,78,79,80,2,587,588,589,590,591
525,526,2
25,2,394,17,1
2,122,41
32,118,82,372,61,2,1
127,82,62,2,132
177,2
137,78,40,21,1,2
2,55,64
230,2,38
142,2
2,11
65,1,2
145,79,1,2
181,2
14,2,37
2,137,118
2,211
5,2
93,1,62,2
87,263,264,2,602,600
164,2,142
2,23,64,132
27,40,25,2,1,17,28
2,1,41,12,3,25,54,198
562,1,207,563,344,2
147,154,1,2
46,22,2
2,23,65,110
290,1,2,13,3
2,65,142,161,3
80,2,1
16,17,1,2,18,19
493,376,494,51,28,3,2,1,495,118
4,1,83,37,79,2,78
315,2,316,1,303
39,22,2,196,27
28,27,242,189,2
1,2,309,220,13,187
2,65
51,2,1,25,34,39
31,2
2,290,13
183,153,1,37,2
43,25,1,11,2
11,101,3,433,40,2
211,2,80
31,2,4793,5518,7355,7382,7430,7460,7547,9566,9691,9722,9736,9768,9814,9964,10425,10540,10562,13282,13292,13335,13374,13418,14275,14331,14334,1432,1436,1874,1908,1945,1954,2012,2025,2051,2070,2374,7604,7605,7606,7607,7610,7614,7623,7630,7636,7640,7655,7662,7677,7683,7692,7701,7702,7703,7704,7705,7659,7660,7712,7719,7733,7739,7752,7758,7759,7760,7761,7762,7716,7717,7764,7793,7802,7813,7824,7835,7844,7850,7861,7867,7771,7783,7876,7889,7905,7909,7881,7885,13286,13299,13305,13312,13324,13330,13402,13415,13448,13461,13464,14263,14272,14296,14319,14343,14350,1543,1784,1799,1817,1827,1847,1858,1890,1896,1898,1906,1914,1918,1922,1925,1929,1934,1937,1939,1942,1948,1970,1986,1999,2008,2020,2047,2067,2078,2086,2094,2105,2108,2115,2119,2136,2144,2147,2151,2166,2178,2183,2188,2190,2196,2199,2207,2211,2212,2218,2221,2237,2242,2245,2254,2257,2263,2266,2272,2280,2285,2307,2313,2318,2322,2326,2330,2335,2338,2352,2365,2380,2383,2387,2391,2396,2399,2404,2407,2411,3202,3737,4287,4290,4575,4773,4779,4786,4792,4798,4840,4846,4850,4853,4857,4862,4868,5081,5136,5143,5148,5165,5469,5488,5515,5524,5657,5662,5666,5668,5673,5677,5683,5688,5779,5787,5791,5794,5798,5802,5806,5842,5958,5962,5965,5969,5975,5978,5998,6009,6013,6851,6852,6853,6884,6888,6892,6907,6910,6914,6937,6940,6942,6967,6968,6972,7130,7153,7191,7209,7315,7329,7352,7358,7361,7365,7369,7373,7380,7436,7464,7473,7484,7524,7527,7918,7922,7928,7932,7935,7940,12981,12999,13013,13029,13053,13059,13073,13104,13111,13128,13153,13169,13194,13205,13226,13231,13237,13241,13244,13248,13253,13263,13271,13277,2418,2448,2494,2521,2555,2585,2605,2628,2655,2671,2698,2704,2707,2710,3217,3222,3258,3273,3316,3323,3368,3373,3378,3395,3557,3561,3562,3685,4293,4296,4302,4321,4339,4341,4359,4369,4420,4440,4456,4461,4471,4477,4482,4485,4488,4491,4496,4498,4501,4505,4512,4520,4525,4533,4548,4559,4565,4571,4580,4583,4587,4590,4595,4600,4604,4609,4614,4618,4623,4628,4633,4641,4643,4647,4652,4657,4663,4667,4675,4681,4685,4693,4696,4699,4703,4706,4711,4715,4803,4818,4824,4829,4837,4871,4874,4877,4881,4883,4887,4930,4972,5017,5024,5028,5033,5037,5040,5046,4891,4894,4898,4903,4905,4908,4913,4917,4920,4926,4932,4938,4940,4944,4951,4952,4959,4962,4964,4970,4977,4983,4985,4991,4994,4996,5002,5006,5008,5012,5023,5048,5051,5055,5060,5064,5067,5071,5074,5076,5078,5082,5083,5084,5085,5086,5087,5088,5089,5090,5091,5092,5093,5094,5095,5096,5097,5098,5099,5100,5101,5102,5103,5104,5105,5106,5107,5475,5478,5490,5491,5492,5493,5494,5495,5496,5497,5498,5499,5500,5501,5502,5503,5504,5505,5506,5507,5508,5509,5510,5511,5512,5513,5529,5532,5536,5541,5545,5547,5553,5557,5562,5566,5569,5573,5576,5579,5585,5589,5592,5595,5601,5605,5608,5612,5617,5621,5623,5627,5633,5637,5640,5644,5649,5653,5692,5696,5702,5704,5708,5714,5715,5720,5724,5726,5729,5731,5733,5736,5740,5744,5749,5753,5757,5761,5765,5769,6017,6023,6028,6034,6040,6045,6050,6056,6062,6067,6072,6078,6084,6089,6094,6100,6104,6111,6116,6122,6129,6136,6141,6147,6150,6158,6163,6169,6174,6180,6185,6191,6194,6202,6207,6213,6216,6224,6229,6235,6240,6246,6251,6257,6261,6268,6273,6279,6283,6290,6295,6301,6307,6312,6317,6323,6328,6334,6339,6345,6349,6356,6361,6367,6372,6378,6383,6389,6392,6428,6433,6439,6443,6450,6455,6461,6467,6472,6477,6483,6488,6494,6499,6505,6509,6516,6521,6527,6532,6538,6543,6549,6552,6584,6589,6595,6599,6606,6611,6617,6621,6628,6633,6639,6644,6650,6655,6661,6665,6672,6677,6683,6688,6694,6699,6705,6709,6716,6721,6727,6731,6738,6743,6749,6817,6819,6823,6829,6832,6839,6842,6849,7980,7984,7988,7992,7996,8000,8004,8008,8012,8016,8020,8024,8028,8032,8040,8044,8048,8052,8056,8059,8064,8068,8072,8088,8092,8096,8100,8104,8108,8112,8120,8124,8128,8132,8142,8145,8154,8159,8164,8169,8187,8190,8199,8228,8258,8282,8291,8300,8309,8320,8324,8328,8332,8336,8344,8348,8352,8356,8358,8361,8370,8375,8380,8384,8390,8422,8427,8430,8434,8441,8445,8458,8462,8467,8514,8524,8542,8564,8604,8620,8645,8652,8655,8662,1871,13295,13339,6021,6024,6032,6036,6044,6046,6054,6058,6066,6068,6076,6080,6088,6090,6098,6102,6108,6112,6120,6124,6133,6137,6145,6149,6154,6159,6167,6171,6178,6181,6189,6193,6198,6203,6211,6215,6220,6225,6233,6237,6244,6247,6255,6259,6265,6269,6277,6281,6287,6291,6299,6303,6311,6313,6321,6325,6332,6335,6343,6347,6353,6357,6365,6369,6376,6379,6387,6391,6410,6429,6437,6441,6447,6451,6459,6463,6471,6473,6481,6485,6492,6495,6503,6507,6513,6517,6525,6529,6536,6539,6547,6551,6568,6585,6593,6597,6603,6607,6615,6619,6625,6629,6637,6641,6648,6651,6659,6663,6669,6673,6681,6685,6692,6695,6703,6707,6713,6717,6725,6729,6735,6739,6747,6751,6752,6767,6770,6771,6774,6775,6776,6780,6788,6797,6818,6820,6827,6830,6836,6840,6846,6850,6855,6859,6862,6863,6869,6871,6875,6878,6879,6880,6894,6898,6901,6902,6903,6918,6921,6924,6925,6932,6948,6951,6954,6955,6961,6975,6979,6982,6983,6984,6988,6990,6993,6994,7000,7003,7008,7011,7012,7013,7014,7019,7022,7023,7029,7032,7035,7038,7039,7040,7043,7046,7049,7050,7051,7054,7057,7060,7061,7062,7066,7069,7072,7073,7074,7075,7080,7083,7084,7085,7089,7092,7095,7096,7102,7104,7107,7108,7111,7113,7117,7120,7121,7127,7134,7136,7139,7140,7141,7144,7147,7150,7151,7152,7158,7160,7163,7164,7170,7178,7184,7190,7193,7198,7201,7202,7208,7216,7222,7227,7235,7238,7241,7242,7249,7258,7260,7263,7264,7265,7273,7275,7278,7279,7285,7288,7292,7295,7296,7302,7305,7308,7311,7312,7313,7319,7323,7326,7327,7328,7334,7336,7339,7340,7346,7348
2,290,13,4793,5518,7354,7385,7430,7459,7547,9566,9690,9720,9737,9769,9814,9964,10420,10539,10564,13282,13292,13336,13376,13416,13421,13426,14273,14277,14333,14334,1434,1438,1874,1908,1947,1954,1992,2012,2035,2054,2071,2375,7604,7605,7606,7607,7610,7614,7615,7630,7634,7638,7653,7670,7678,7686,7698,7701,7702,7703,7704,7705,7659,7660,7708,7727,7736,7738,7755,7758,7759,7760,7761,7762,7716,7717,7763,7793,7802,7814,7825,7835,7844,7850,7861,7867,7771,7783,7886,7894,7901,7904,7907,7879,7883,13286,13300,13305,13316,13326,13334,13344,13350,13369,13381,13383,13388,13393,13415,13450,13454,14261,14296,14318,14343,14348,1387,1455,1543,1776,1787,1817,1825,1849,1859,1888,1895,1903,1905,1912,1918,1921,1925,1929,1934,1937,1939,1941,1949,1968,1978,2000,2008,2019,2047,2065,2077,2085,2093,2102,2111,2112,2119,2136,2141,2148,2154,2156,2177,2184,2187,2191,2196,2204,2245,2253,2257,2263,2266,2271,2279,2285,2307,2313,2318,2322,2326,2331,2339,2341,2347,2366,2379,2383,2387,2391,2395,2399,2403,2407,2411,3202,3737,4286,4291,4575,4773,4779,4785,4791,4798,4845,4846,4849,4852,4857,4863,4868,5081,5134,5143,5147,5164,5470,5488,5516,5524,5657,5661,5666,5670,5791,5794,5798,5802,5807,5835,5848,5859,5869,5871,5879,5891,5899,5915,5918,5923,5927,5932,5934,5939,5944,5951,5956,5960,5962,5966,5969,5974,5979,5998,6000,6008,6013,6851,6852,6853,6884,6888,6892,6907,6911,6915,6936,6940,6944,6967,6969,6971,7130,7153,7191,7209,7315,7329,7352,7358,7359,7363,7367,7371,7375,7387,7440,7443,7450,7456,7521,7538,7593,7913,7921,7925,7928,7932,7935,7940,12979,12986,12993,13000,13003,13013,13020,13028,13042,13054,13059,13073,13098,13111,13132,13144,13153,13159,13169,13194,13198,13203,13225,13237,13248,13255,13270,2418,2421,2424,2448,2457,2461,2466,2471,2494,2497,2520,2527,2530,2552,2557,2561,2585,2590,2605,2609,2628,2632,2636,2654,2657,2671,2698,2702,2707,2712,2713,2751,2785,2813,2830,2866,2931,3091,3216,3227,3235,3267,3273,3309,3326,3368,3372,3378,3388,3557,3560,3563,3685,4293,4296,4302,4321,4336,4341,4359,4369,4420,4440,4456,4462,4471,4481,4482,4485,4488,4491,4494,4498,4501,4505,4511,4518,4523,4533,4548,4559,4565,4571,4580,4583,4587,4590,4595,4600,4604,4609,4614,4618,4623,4628,4633,4638,4643,4647,4652,4657,4662,4667,4677,4680,4685,4694,4695,4699,4703,4706,4710,4715,4803,4820,4825,4826,4834,4869,4873,4877,4881,4886,4887,4928,4974,5016,5026,5031,5033,5038,5041,5046,4889,4892,4897,4902,4906,4908,4912,4916,4922,4926,4935,4937,4941,4944,4951,4955,4957,4960,4967,4969,4978,4981,4985,4989,4995,4996,5003,5004,5010,5012,5023,5048,5051,5055,5057,5061,5065,5069,5074,5076,5078,5082,5083,5084,5085,5086,5087,5088,5089,5090,5091,5092,5093,5094,5095,5096,5097,5098,5099,5100,5101,5102,5103,5104,5105,5106,5107,5108,5111,5112,5113,5115,5117,5118,5120,5122,5124,5126,5127,5129,5130,5131,5133,5141,5150,5151,5156,5158,5177,5181,5185,5189,5193,5198,5201,5205,5210,5213,5217,5222,5226,5237,5243,5245,5248,5254,5258,5262,5264,5268,5274,5278,5280,5284,5288,5292,5296,5301,5305,5309,5313,5316,5318,5322,5326,5332,5336,5340,5344,5347,5351,5355,5359,5363,5367,5370,5374,5378,5382,5386,5389,5393,5394,5396,5399,5400,5403,5407,5411,5415,5418,5421,5423,5424,5442,5474,5478,5482,5490,5491,5492,5493,5494,5495,5496,5497,5498,5499,5500,5501,5502,5503,5504,5505,5506,5507,5508,5509,5510,5511,5512,5513,5530,5534,5538,5540,5544,5549,5553,5558,5562,5563,5570,5573,5578,5582,5584,5588,5593,5598,5602,5606,5610,5614,5616,5620,5626,5630,5632,5636,5642,5646,5648,5652,5693,5698,5701,5706,5709,5714,5715,5720,5723,5728,5730,5731,5733,5735,5739,5743,5747,5754,5758,5762,5766,5770,6017,6023,6025,6034,6038,6045,6047,6056,6059,6067,6069,6078,6081,6089,6091,6100,6103,6111,6113,6122,6128,6136,6138,6147,6152,6158,6160,6169,6173,6180,6182,6191,6197,6202,6204,6213,6219,6224,6226,6235,6239,6246,6248,6257,6260,6268,6270,6279,6283,6290,6292,6301,6306,6312,6314,6323,6327,6334,6336,6345,6351,6356,6358,6367,6371,6378,6380,6389,6392,6428,6430,6439,6443,6450,6452,6461,6466,6472,6474,6483,6487,6494,6496,6505,6511,6516,6518,6527,6532,6538,6540,6549,6552,6584,6586,6595,6598,6606,6608,6617,6620,6628,6630,6639,6643,6650,6652,6661,6664,6672,6674,6683,6687,6694,6696,6705,6709,6716,6718,6727,6730,6738,6740,6749,6817,6819,6822,6829,6833,6839,6841,6849,7978,7983,7987,7991,7995,7999,8003,8007,8011,8015,8019,8023,8027,8031,8034,8040,8043,8048,8051,8055,8059,8063,8067,8071,8087,8091,8095,8099,8103,8107,8111,8115,8119,8123,8127,8131,8143,8161,8164,8168,8188,8199,8228,8258,8282,8291,8295,8300,8301,8309,8319,8323,8327,8331,8335,8343,8347,8351,8355,8359,8377,8381,8386,8389,8424,8428,8432,8459,8467,8514,8524,8542,8604,8620,8644,8652,8655,8662,13467,13470,13475,13476,13478,13479,13482,13486,13490,13494,13498,13502,13506,13509,13518,13521,13524,13528,13532,13537,13541,13545,13548,13552,13556,13559,13564,13569,13571,13576,13581,13584,13589,13593,13597,13600,13605,13610,13613,13614,13619,13621,13623,13625,13627,13629,13631,13633,13635,13637,13639,13641,13643,13645,13647,13649,13652,13654,13656,13657,13658,13659,13660,13661,13662,13663,13664,13683,13684,13686,13688,13698,13709,13722,13741,13744,13749,13752,13757,13762,13766,13770,13774,13779,13783,13786,13791,13795,13799,13802,13806,13810,13814,13818,13822,13826,13830,13834,13838,13842,13846,13850,13854,13858,13863,13867,13871,13875,13879,13883,13887,13891,13895,13899,13903,13908,13912,13916,13920,13924,13928,13932,13936,13939,13958,13975,13991,14006,14019,14032,14043,14054,14063,14070,14075,14079,14082,14085,14088,14091,14093,14095,14097,14099,14101,14102,14103,14109,14112,14115,14119,14126,14130,14133,14135,14146,14152,14157,14162,14165,14169,14175,14178,14182,14187,14191,14192,14195,14200,14203,14207,14211,14215,14221,14224,14229,14237,14240,14244,14247,14253,14258,661,679,701,718,741,758,779,800,820,835,854,875,895,915,935,955,975,993,1014,1026,1046,1059,1081,1100,1119,1153,1165,1216,1244,1253,1263,1273,1284,1292,1333,1349,1449,1467,1477,1487,1497,1508,1517,1527,1538,1577,1586,1596,1607,1617,1623,1638,1650,1681,1722,1761,1863,1865,1867,1870,1872,13295,13340,6021,6024,6029,6036,6042,6046,6051,6058,6063,6068,6073,6080,6085,6090,6095,6102,6107,6112,6117,6124,6132,6137,6142,6149,6156,6159,6164,6171,6177,6181,6186,6193,6201,6203,6208,6215,6223,6225,6230,6237,6243,6247,6252,6259,6264,6269,6274,6281,6287,6291,6296,6303,6310,6313,6318,6325,6331,6335,6340,6347,6355,6357,6362,6369,6375,6379,6384,6391,6410,6429,6434,6441,6447,6451,6456,6463,6470,6473,6478,6485,6491,6495,6500,6507,6515,6517,6522,6529,6536,6539,6544,6551,6568,6585,6590,6597,6602,6607,6612,6619,6624,6629,6634,6641,6647,6651,6656,6663,6668,6673,6678,6685,6691,6695,6700,6707,6713,6717,6722,6729,6734,6739,6744,6751,6753,6767,6768,6772,6774,6775,6779,6783,6788,6797,6818,6820,6826,6830,6837,6840,6845,6850,6856,6860,6862,6863,6869,6873,6876,6878,6879,6880,6896,6899,6901,6902,6903,6916,6922,6924,6925,6932,6949,6952,6954,6955,6961,6976,6980,6982,6983,6984,6986,6991,6993,6994,7000,7004,7009,7011,7012,7013,7016,7020,7022,7023,7029,7033,7036,7038,7039,7040,7042,7047,7049,7050,7051,7054,7058,7060,7061,7062,7067,7070,7072,7073,7074,7078,7081,7083,7084,7085,7088,7093,7095,7096,7102,7104,7107,7108,7111,7112,7118,7120,7121,7127,7134,7137,7139,7140,7141,7145,7148,7150,7151,7152,7155,7161,7163,7164,7170,7179,7184,7190,7194,7199,7201,7202,7208,7217,7222,7227,7233,7239,7241,7242,7249,7256,7261,7263,7264,7265,7276,7281,7286,7288,7293,7295,7296,7302,7306,7309,7311,7312,7313,7320,7324,7326,7327,7328,7332,7337,7339,7340,7346,7348
183,153,1,37,2,4793,7355,7382,7430,7458,7546,9564,9691,9722,9736,9766,9813,9963,10421,10540,10566,13282,13292,13335,13376,13418,13422,13424,13430,14276,14280,14332,14334,1434,1438,1874,1908,1945,1955,2012,2036,2054,2073,2373,7604,7605,7606,7607,7610,7614,7615,7630,7635,7639,7658,7670,7674,7682,7698,7701,7702,7703,7704,7705,7659,7660,7715,7721,7732,7745,7755,7758,7759,7760,7761,7762,7716,7717,7764,7792,7802,7813,7825,7835,7844,7850,7861,7867,7771,7787,7877,7900,7904,7909,7880,7885,13286,13300,13306,13312,13324,13331,13403,13411,13449,13454,14261,14296,14318,14340,14348,1387,1454,1543,1776,1790,1818,1828,1847,1858,1888,1896,1902,1906,1913,1918,1921,1925,1931,1934,1937,1940,1941,1948,1969,1978,2000,2007,2020,2046,2066,2078,2086,2095,2102,2111,2114,2119,2135,2144,2148,2152,2159,2177,2183,2187,2191,2196,2203,2242,2245,2254,2259,2264,2266,2273,2279,2285,2308,2315,2318,2322,2326,2330,2335,2338,2347,2365,2380,2384,2385,2392,2396,2399,2404,2407,2412,3202,3737,4287,4290,4575,4774,4779,4786,4792,4798,4845,4846,4849,4852,4857,4864,4868,5081,5134,5143,5147,5164,5469,5488,5515,5526,5658,5662,5666,5670,5674,5678,5683,5690,5778,5787,5791,5794,5798,5803,5807,5810,5820,5827,5835,5842,6006,6010,6013,7130,7153,7191,7209,7316,7363,7367,7371,7375,7436,7464,7469,7523,7528,7543,7550,7921,7924,7927,7931,7935,7940,12981,13000,13003,13013,13029,13054,13065,13073,13103,13115,13128,13155,13169,13201,13212,13225,13237,13241,13244,13248,13255,13259,13264,13267,13271,2417,2421,2426,2428,2451,2458,2460,2465,2470,2475,2476,2482,2492,2496,2522,2526,2528,2534,2555,2559,2560,2567,2587,2591,2607,2611,2628,2632,2635,2640,2655,2658,2670,2699,2704,2708,2710,2713,2734,2769,2802,2825,2839,2960,2978,3021,3084,3174,3206,3222,3268,3280,3309,3326,3367,3373,3379,3685,4803,4819,4823,4829,4837,4872,4874,4877,4881,4885,4887,4930,4973,5019,5025,5028,5033,5038,5040,5046,4889,4894,4897,4903,4904,4909,4912,4916,4922,4927,4935,4938,4940,4947,4949,4955,4956,4961,4967,4968,4977,4983,4984,4988,4993,4998,5003,5005,5011,5013,5021,5048,5050,5055,5060,5061,5066,5072,5074,5076,5078,5082,5083,5084,5085,5086,5087,5088,5089,5090,5091,5092,5093,5094,5095,5096,5097,5098,5099,5100,5101,5102,5103,5104,5105,5106,5107,5475,5490,5491,5492,5493,5494,5495,5496,5497,5498,5499,5500,5501,5502,5503,5504,5505,5506,5507,5508,5509,5510,5511,5512,5513,5528,5531,5535,5541,5545,5548,5553,5555,5559,5563,5568,5572,5575,5579,5585,5589,5591,5595,5602,5606,5607,5612,5617,5621,5623,5627,5633,5637,5639,5644,5650,5654,5691,5695,5701,5703,5707,5714,5715,5720,5722,5726,5729,5731,5733,5735,5739,5743,5748,5753,5757,5761,5765,5769,6018,6023,6027,6034,6040,6045,6049,6056,6061,6067,6071,6078,6084,6089,6093,6100,6105,6111,6115,6122,6128,6136,6140,6147,6150,6158,6162,6169,6175,6180,6184,6191,6195,6202,6206,6213,6217,6224,6228,6235,6239,6246,6250,6257,6263,6268,6272,6279,6284,6290,6294,6301,6306,6312,6316,6323,6329,6334,6338,6345,6351,6356,6360,6367,6371,6378,6382,6389,6392,6428,6432,6439,6443,6450,6454,6461,6465,6472,6476,6483,6488,6494,6498,6505,6510,6516,6520,6527,6530,6538,6542,6549,6552,6584,6588,6595,6600,6606,6610,6617,6622,6628,6632,6639,6645,6650,6654,6661,6666,6672,6676,6683,6689,6694,6698,6705,6710,6716,6720,6727,6733,6738,6742,6749,6811,6817,6824,6829,6833,6839,6841,6849,7981,7985,7989,7993,7997,8001,8005,8009,8013,8017,8021,8025,8029,8033,8037,8041,8045,8049,8053,8057,8058,8065,8069,8073,8081,8089,8093,8097,8101,8105,8109,8113,8121,8125,8129,8133,8142,8145,8154,8159,8163,8168,8172,8176,8180,8184,8187,8190,8199,8202,8223,8228,8240,8258,8269,8282,8291,8300,8301,8309,8320,8325,8329,8333,8337,8345,8349,8353,8357,8358,8361,8370,8375,8379,8383,8387,8391,8395,8399,8416,8422,8426,8430,8434,8438,8442,8447,8452,8458,8462,8467,8483,8495,8514,8524,8542,8562,8576,8590,8604,8612,8620,8646,8652,8655,8662,653,673,692,712,733,753,771,793,813,828,848,867,886,908,928,948,967,987,1007,1022,1036,1054,1072,1093,1112,1137,1162,1181,1212,1230,1250,1260,1269,1280,1289,1315,1345,1367,1395,1415,1445,1464,1474,1483,1493,1503,1514,1524,1534,1556,1572,1582,1593,1603,1613,1647,1667,1703,1743,1863,1866,1867,1869,13295,13339,6022,6024,6031,6036,6044,6046,6053,6058,6065,6068,6075,6080,6088,6090,6097,6102,6109,6112,6119,6124,6132,6137,6144,6149,6154,6159,6166,6171,6179,6181,6188,6193,6199,6203,6210,6215,6221,6225,6232,6237,6243,6247,6254,6259,6267,6269,6276,6281,6288,6291,6298,6303,6310,6313,6320,6325,6333,6335,6342,6347,6355,6357,6364,6369,6375,6379,6386,6391,6410,6429,6436,6441,6447,6451,6458,6463,6469,6473,6480,6485,6492,6495,6502,6507,6514,6517,6524,6529,6534,6539,6546,6551,6568,6585,6592,6597,6604,6607,6614,6619,6626,6629,6636,6641,6649,6651,6658,6663,6670,6673,6680,6685,6693,6695,6702,6707,6714,6717,6724,6729,6737,6739,6746,6751,6753,6767,6770,6772,6774,6775,6777,6780,6788,6797,6815,6818,6828,6830,6837,6840,6845,6850,6855,6859,6862,6863,6869,6872,6875,6878,6879,6880,6893,6898,6901,6902,6903,6916,6921,6924,6925,6932,6946,6951,6954,6955,6961,6975,6979,6982,6983,6984,6986,6990,6993,6994,7000,7006,7008,7011,7012,7013,7014,7019,7022,7023,7029,7030,7035,7038,7039,7040,7044,7046,7049,7050,7051,7053,7057,7060,7061,7062,7067,7069,7072,7073,7074,7075,7080,7083,7084,7085,7089,7092,7095,7096,7102,7105,7107,7108,7111,7112,7117,7120,7121,7127,7133,7136,7139,7140,7141,7142,7147,7150,7151,7152,7156,7160,7163,7164,7170,7178,7184,7190,7195,7198,7201,7202,7208,7216,7222,7227,7233,7238,7241,7242,7249,7256,7260,7263,7264,7265,7271,7275,7278,7279,7285,7287,7292,7295,7296,7302,7305,7308,7311,7312,7313,7321,7323,7326,7327,7328,7333,7336,7339,7340,7346,7350
43,25,1,11,2,4793,5518,7354,7383,7430,7459,7548,9566,9719,9734,9766,9811,9961,10421,10541,10567,13282,13293,13336,13398,13417,13423,13427,14274,14330,14335,1435,1439,1874,1910,1993,2013,2035,2051,2072,2376,7604,7605,7606,7607,7610,7614,7623,7632,7636,7640,7655,7664,7675,7682,7691,7701,7702,7703,7704,7705,7659,7660,7709,7722,7728,7739,7748,7758,7759,7760,7761,7762,7716,7717,7763,7792,7802,7814,7825,7835,7844,7850,7861,7867,7771,7783,7897,7901,7905,7909,7881,7885,13284,13298,13306,13314,13323,13330,13344,13348,13358,13384,13388,13393,13415,13449,13457,13463,14261,14296,14317,14343,14348,1543,1779,1790,1817,1828,1841,1858,1889,1897,1900,1907,1914,1916,1921,1925,1932,1934,1937,1939,1942,1948,1968,1985,2001,2008,2019,2046,2067,2079,2084,2103,2111,2112,2118,2136,2144,2150,2152,2156,2177,2182,2188,2192,2196,2203,2237,2242,2250,2254,2259,2262,2266,2275,2277,2283,2309,2313,2318,2322,2326,2330,2335,2339,2342,2349,2366,2380,2384,2387,2392,2395,2399,2404,2407,2411,3202,3737,4285,4290,4575,4773,4779,4784,4791,4798,4842,4846,4848,4852,4857,4862,4868,5081,5134,5143,5147,5164,5467,5488,5516,5524,5658,5661,5666,5668,5791,5795,5798,5803,5807,5831,5842,5848,5852,5868,5879,5892,5899,5914,5919,5923,5928,5932,5935,5938,5943,5945,5951,5956,6008,6013,6851,6852,6853,6881,6885,6889,6904,6908,6912,6934,6938,6942,6967,6969,6971,7129,7153,7315,7329,7352,7358,7359,7380,7490,7532,7536,7543,7568,7574,7586,7913,7920,7924,7926,7930,7935,7940,7944,7948,7951,7955,7959,7962,7967,7971,7975,8135,8139,8296,8338,8600,8663,8670,8673,8675,8682,8685,8690,8696,8699,8727,8732,8734,8739,8744,8748,8750,8757,8759,8705,8706,8711,8717,8718,8723,8828,8832,8837,8846,8856,8862,8874,8886,8898,8762,8778,8784,8796,8806,8822,8916,8920,8923,8926,8929,8932,8935,8938,8941,8904,8907,8909,8910,8912,8914,8981,8982,8983,8984,8985,8986,8987,8992,9004,8942,8956,8965,8969,8973,8977,9036,9041,9043,9049,9053,9057,9059,9066,9068,9014,9015,9020,9024,9027,9031,9095,9099,9105,9108,9113,9115,9121,9124,9127,9072,9076,9082,9084,9089,9094,9196,9200,9205,9214,9224,9230,9242,9251,9263,9135,9147,9157,9169,9174,9190,9296,9299,9305,9309,9313,9315,9321,9324,9328,9272,9276,9282,9284,9288,9293,9345,9349,9352,9355,9358,9361,9362,9365,9367,9332,9334,9337,9339,9340,9343,9392,9393,9394,9395,9396,9397,9398,9401,9412,9371,9374,9378,9382,9385,9389,9478,9482,9490,9496,9502,9507,9534,9537,9542,9544,9554,9560,9562,9570,9580,9591,9606,9618,9627,9634,9640,9648,9656,9664,9673,9681,9688,9693,9698,9704,9707,9711,9718,9725,9730,9732,9740,9752,9758,9763,9770,9776,9783,9789,9794,9800,9807,9831,10391,10395,10399,10400,10402,10430,10435,10532,10535,10544,10548,10551,10555,10558,10574,10579,10582,10586,10621,10625,10669,10713,10757,10801,10845,10888,10917,10919,10922,10626,10926,11045,11143,11184,11227,11270,11313,11374,11378,11381,10927,11384,11425,11467,11509,11553,11597,11641,11669,11673,11677,11385,11681,11722,11764,11820,11880,11930,11972,11999,12002,12005,11683,12009,12031,12052,12074,12098,12123,12146,12160,12162,12164,12011,12166,12207,12293,12421,12562,12700,12824,12883,12885,12887,12168,12888,12889,12891,12894,12897,12900,12902,12904,12921,12922,12925,12928,12932,12934,12942,12944,12948,12954,12956,12959,12962,12972,12975,12979,12999,13008,13017,13028,13051,13057,13065,13073,13081,13090,13098,13111,13133,13141,13153,13160,13176,13201,13214,13228,13239,13248,13271,13277,2413,2418,2423,2426,2448,2457,2461,2466,2471,2472,2492,2512,2517,2521,2527,2531,2553,2559,2563,2585,2605,2625,2628,2633,2636,2654,2668,2681,2688,2689,2694,2704,2708,2709,3217,3222,3267,3273,3321,3336,3342,3362,3367,3373,3378,3410,3684,4815,4819,4822,4828,4833,4836,4870,4873,4875,4881,4886,4931,4975,5016,5027,5030,5033,5036,5041,5045,4891,4892,4896,4900,4907,4911,4912,4918,4922,4925,4935,4937,4943,4945,4951,4953,4957,4960,4966,4969,4978,4983,4986,4989,4994,4998,5001,5006,5010,5013,5020,5048,5050,5054,5057,5063,5065,5069,5074,5076,5078,5082,5083,5084,5085,5086,5087,5088,5089,5090,5091,5092,5093,5094,5095,5096,5097,5098,5099,5100,5101,5102,5103,5104,5105,5106,5107,5475,5476,5490,5491,5492,5493,5494,5495,5496,5497,5498,5499,5500,5501,5502,5503,5504,5505,5506,5507,5508,5509,5510,5511,5512,5513,5527,5533,5536,5539,5543,5548,5551,5557,5561,5565,5570,5574,5577,5581,5583,5587,5593,5597,5599,5603,5609,5612,5615,5619,5625,5628,5631,5635,5641,5643,5647,5651,5694,5698,5702,5706,5710,5714,5716,5717,5724,5728,5730,5731,5734,5738,5742,5746,5750,5752,5756,5760,5764,5768,6015,6023,6028,6034,6037,6045,6050,6056,6059,6067,6072,6078,6081,6089,6094,6100,6105,6111,6116,6122,6128,6136,6141,6147,6150,6158,6163,6169,6175,6180,6185,6191,6197,6202,6207,6213,6219,6224,6229,6235,6239,6246,6251,6257,6260,6268,6273,6279,6285,6290,6295,6301,6305,6312,6317,6323,6326,6334,6339,6345,6348,6356,6361,6367,6371,6378,6383,6389,6392,6428,6433,6439,6445,6450,6455,6461,6466,6472,6477,6483,6486,6494,6499,6505,6508,6516,6521,6527,6530,6538,6543,6549,6552,6584,6589,6595,7978,7982,7986,7990,7994,7998,8002,8006,8010,8014,8018,8022,8026,8030,8038,8042,8046,8050,8054,8062,8066,8070,8086,8090,8094,8098,8102,8106,8110,8114,8118,8122,8126,8130,8142,8145,8162,8166,8187,8190,8199,8229,8258,8282,8291,8300,8309,8318,8322,8326,8330,8334,8342,8346,8350,8354,8358,8361,8377,8382,8386,8424,8429,8433,8458,8462,8467,8515,8525,8604,8620,8643,8652,8655,1863,1865,1867,1869,1871,13296,13340,6019,6024,6032,6036,6041,6046,6054,6058,6063,6068,6076,6080,6085,6090,6098,6102,6109,6112,6120,6124,6132,6137,6145,6149,6154,6159,6167,6171,6179,6181,6189,6193,6201,6203,6211,6215,6223,6225,6233,6237,6243,6247,6255,6259,6264,6269,6277,6281,6289,6291,6299,6303,6309,6313,6321,6325,6330,6335,6343,6347,6352,6357,6365,6369,6375,6379,6387,6391,6410,6429,6437,6441,6449,6451,6459,6463,6470,6473,6481,6485,6490,6495,6503,6507,6512,6517,6525,6529,6534,6539,6547,6551,6568,6585,6593,6597,6753,6767,6768,6772,6774,6775,6779,6782,6797,6800,6804,6854,6859,6862,6863,6869,6872,6875,6878,6879,6880,6895,6898,6901,6902,6903,6917,6921,6924,6925,6932,6946,6951,6954,6955,6961,6976,6979,6982,6983,6984,6985,6990,6993,6994,7000,7004,7008,7011,7012,7013,7015,7019,7022,7023,7029,7030,7035,7038,7039,7040,7043,7046,7049,7050,7051,7054,7057,7060,7061,7062,7066,7069,7072,7073,7074,7076,7080,7083,7084,7085,7088,7092,7095,7096,7102,7103,7107,7108,7111,7114,7117,7120,7121,7127,7133,7136,7139,7140,7141,7142,7147,7150,7151,7152,7155,7160,7163,7164,7170,7178,7184,7190,7193,7198,7201,7202,7208,7216,7222,7227,7235,7238,7241,7242,7249,7255,7260,7263,7264,7265,7270,7275,7278,7279,7285,7289,7292,7295,7296,7302,7303,7308,7311,7312,7313,7321,7323,7326,7327,7328,7334,7336,7339,7340,7346,7351,7916
11,101,3,433,40,2,4793,5518,7354,7384,7430,7458,7547,9564,9689,9719,9736,9769,9811,9961,10427,10540,10563,13282,13292,13338,13374,13418,13420,13424,13428,14275,14332,14336,1434,1438,1873,1910,1945,1955,1994,2012,2036,2051,2072,2373,7604,7605,7606,7607,7610,7614,7615,7631,7634,7640,7655,7664,7676,7688,7693,7701,7702,7703,7704,7705,7659,7660,7712,7722,7736,7740,7750,7758,7759,7760,7761,7762,7716,7717,7764,7792,7802,7813,7825,7835,7844,7850,7861,7867,7771,7783,7876,7901,7905,7909,7880,7884,13286,13300,13307,13314,13324,13330,13344,13348,13372,13378,13386,13389,13396,13401,13413,13450,13457,13465,14261,14295,14317,1543,1767,1787,1819,1831,1841,1862,1887,1897,1900,1907,1914,1917,1922,1926,1941,1948,1959,1977,1998,2007,2021,2046,2067,2078,2085,2096,2105,2109,2112,2117,2124,2150,2151,2170,2177,2184,2185,2191,2195,2204,2245,2254,2259,2264,2266,2272,2282,2283,2307,2313,2318,2322,2326,2330,2335,2339,2341,2347,2361,2380,2384,2387,2392,2396,2400,2404,2407,2412,3203,3738,4286,4290,4573,4774,4779,4788,4792,4798,4845,4846,4850,4853,4857,4863,4868,5081,5134,5143,5147,5164,5470,5488,5515,5525,5658,5661,5665,5791,5794,5798,5802,5806,5848,5857,5869,5871,5876,5891,5899,5913,5917,5924,5927,5931,5943,5951,5956,6006,6008,6013,6851,6852,6853,6881,6885,6889,6904,6908,6912,6934,6938,6942,6965,6970,6972,7129,7153,7191,7209,7315,7329,7352,7358,7359,7361,7365,7369,7373,7377,7391,7393,7400,7402,7407,7410,7419,7421,7426,7432,7451,7456,7521,7536,7591,7913,7919,7922,7928,7933,7935,7940,12978,13000,13003,13013,13020,13028,13042,13053,13062,13073,13098,13115,13129,13135,13141,13146,13153,13159,13169,13206,13214,13225,13237,13247,13270,2417,2420,2424,2428,2448,2459,2461,2465,2468,2472,2494,2523,2524,2529,2534,2555,2557,2561,2566,2586,2606,2628,2632,2635,2639,2655,2668,2704,2707,2710,3217,3231,3238,3248,3267,3273,3321,3336,3342,3369,3372,3378,3400,3554,3558,3563,3564,3568,3685,4803,4820,4823,4827,4835,4869,4873,4876,4880,4886,4887,4929,4974,5017,5025,5028,5033,5038,5040,5045,4889,4894,4897,4900,4904,4909,4914,4919,4922,4927,4934,4937,4943,4944,4948,4953,4959,4962,4966,4971,4976,4981,4986,4989,4992,4996,5001,5007,5009,5013,5022,5048,5051,5056,5058,5062,5065,5069,5074,5076,5078,5082,5083,5084,5085,5086,5087,5088,5089,5090,5091,5092,5093,5094,5095,5096,5097,5098,5099,5100,5101,5102,5103,5104,5105,5106,5107,5474,5478,5490,5491,5492,5493,5494,5495,5496,5497,5498,5499,5500,5501,5502,5503,5504,5505,5506,5507,5508,5509,5510,5511,5512,5513,5528,5534,5537,5539,5543,5549,5551,5557,5562,5565,5569,5573,5578,5581,5583,5587,5594,5597,5599,5603,5610,5613,5615,5619,5626,5629,5631,5635,5641,5644,5647,5651,5691,5696,5702,5706,5710,5714,5715,5718,5724,5728,5729,5732,5734,5737,5741,5745,5750,5754,5758,5762,5766,5770,6017,6023,6028,6034,6039,6045,6050,6056,6061,6067,6072,6078,6083,6089,6094,6100,6105,6111,6116,6122,6130,6136,6141,6147,6152,6158,6163,6169,6174,6180,6185,6191,6196,6202,6207,6213,6218,6224,6229,6235,6240,6246,6251,6257,6263,6268,6273,6279,6284,6290,6295,6301,6305,6312,6317,6323,6328,6334,6339,6345,6350,6356,6361,6367,6371,6378,6383,6389,6392,6428,6433,6439,6443,6450,6455,6461,6464,6472,6477,6483,6488,6494,6499,6505,6510,6516,6521,6527,6531,6538,6543,6549,6552,6584,6589,6595,6601,6606,6611,6617,6623,6628,6633,6639,6642,6650,6655,6661,6664,6672,6677,6683,6689,6694,6699,6705,6711,6716,6721,6727,6733,6738,6743,6749,7981,7985,7989,7992,7996,8000,8004,8008,8012,8016,8020,8024,8028,8032,8040,8044,8048,8052,8056,8064,8068,8072,8080,8088,8092,8096,8100,8104,8108,8112,8116,8120,8124,8128,8132,8142,8145,8154,8159,8164,8168,8173,8178,8187,8190,8199,8203,8228,8242,8258,8269,8281,8284,8291,8300,8309,8319,8324,8328,8332,8336,8344,8348,8352,8356,8358,8361,8370,8375,8380,8384,8389,8393,8397,8422,8426,8430,8434,8439,8444,8449,8458,8462,8467,8475,8514,8525,8543,8563,8577,8595,8604,8612,8620,8645,8652,8655,8662,8692,13295,13342,6021,6024,6032,6036,6043,6046,6054,6058,6065,6068,6076,6080,6087,6090,6098,6102,6109,6112,6120,6124,6134,6137,6145,6149,6156,6159,6167,6171,6178,6181,6189,6193,6200,6203,6211,6215,6222,6225,6233,6237,6244,6247,6255,6259,6267,6269,6277,6281,6288,6291,6299,6303,6309,6313,6321,6325,6332,6335,6343,6347,6354,6357,6365,6369,6375,6379,6387,6391,6410,6429,6437,6441,6447,6451,6459,6463,6468,6473,6481,6485,6492,6495,6503,6507,6514,6517,6525,6529,6535,6539,6547,6551,6568,6585,6593,6597,6605,6607,6615,6619,6627,6629,6637,6641,6646,6651,6659,6663,6668,6673,6681,6685,6693,6695,6703,6707,6715,6717,6725,6729,6737,6739,6747,6751,6753,6767,6768,6772,6774,6775,6779,6781,6797,6857,6859,6862,6863,6869,6872,6875,6878,6879,6880,6893,6898,6901,6902,6903,6919,6921,6924,6925,6932,6948,6951,6954,6955,6961,6974,6979,6982,6983,6984,6986,6990,6993,6994,7000,7003,7008,7011,7012,7013,7016,7019,7022,7023,7029,7032,7035,7038,7039,7040,7041,7046,7049,7050,7051,7054,7057,7060,7061,7062,7064,7069,7072,7073,7074,7076,7080,7083,7084,7085,7090,7092,7095,7096,7102,7106,7107,7108,7111,7114,7117,7120,7121,7127,7132,7136,7139,7140,7141,7143,7147,7150,7151,7152,7155,7160,7163,7164,7170,7178,7184,7190,7196,7198,7201,7202,7208,7216,7222,7227,7234,7238,7241,7242,7249,7257,7260,7263,7264,7265,7270,7275,7278,7279,7285,7289,7292,7295,7296,7302,7306,7308,7311,7312,7313,7318,7323,7326,7327,7328,7331,7336,7339,7340,7346,7350,7915
211,2,80,4795,7355,7382,7430,7461,7545,9566,9689,9721,10422,10539,10564,13282,13292,13337,13376,13419,13423,13424,13429,14273,14277,14332,14337,1434,1438,1874,1910,1946,1954,2012,2036,2054,2070,2375,7604,7605,7606,7607,7610,7614,7615,7631,7636,7639,7650,7670,7672,7681,7700,7701,7702,7703,7704,7705,7659,7660,7706,7727,7736,7739,7757,7758,7759,7760,7761,7762,7716,7717,7763,7793,7802,7813,7825,7835,7844,7850,7861,7867,7771,7783,7889,7899,7905,7908,7881,7885,13286,13299,13308,13310,13324,13330,13402,13406,13456,13462,14263,14269,1543,1766,1786,1817,1827,1838,1859,1889,1894,1901,1906,1914,1915,1922,1925,1929,1934,1937,1939,1941,1948,1964,1978,1998,2009,2019,2046,2067,2078,2086,2095,2101,2111,2115,2119,2136,2143,2147,2154,2158,2184,2186,2192,2195,2199,2207,2209,2212,2216,2221,2237,2242,2245,2251,2257,2264,2266,2272,2280,2283,2305,2313,2318,2322,2324,2330,2335,2338,2352,2361,2379,2383,2387,2391,2395,2399,2403,2407,2411,3202,3738,4286,4290,4573,4773,4779,4783,4791,4798,4842,4846,4849,4853,4857,4863,4868,5081,5137,5144,5147,5164,5469,5488,5517,5524,5657,5661,5665,5673,5678,5683,5688,5774,5787,5791,5794,5798,5802,5807,5831,5838,5958,5962,5968,5969,5974,5976,5998,6010,6013,7153,7191,7209,7316,7364,7366,7371,7375,7387,7390,7437,7475,7485,7536,7919,7923,7929,7933,7935,7940,12981,12999,13029,13053,13062,13075,13078,13091,13098,13111,13128,13152,13171,13195,13203,13213,13219,13226,13234,13249,13263,13270,2419,2423,2427,2431,2449,2459,2461,2493,2497,2522,2525,2528,2533,2555,2557,2560,2565,2584,2588,2605,2608,2628,2633,2635,2640,2654,2657,2704,2707,2711,3206,3220,3265,3270,3310,3324,3368,3373,3378,3389,3685,4803,4828,4836,4871,4874,4876,4880,4883,4887,4928,4975,5017,5024,5028,5033,5036,5040,5047,4889,4895,4896,4900,4906,4909,4915,4919,4923,4925,4932,4936,4942,4945,4951,4953,4956,4961,4965,4969,4978,4981,4985,4991,4993,4999,5003,5004,5010,5014,5022,5051,5055,5060,5062,5068,5069,5074,5076,5078,5082,5083,5084,5085,5086,5087,5088,5089,5090,5091,5092,5093,5094,5095,5096,5097,5098,5099,5100,5101,5102,5103,5104,5105,5106,5107,5474,5490,5491,5492,5493,5494,5495,5496,5497,5498,5499,5500,5501,5502,5503,5504,5505,5506,5507,5508,5509,5510,5511,5512,5513,5692,5697,5700,5706,5707,5711,5715,5717,5721,5727,5729,5731,5733,5737,5741,5745,5748,5751,5755,5759,5763,5767,6016,6023,6026,6033,6040,6045,6048,6055,6062,6067,6070,6077,6084,6089,6092,6099,6104,6111,6114,6121,6129,6136,6139,6146,6152,6158,6161,6168,6174,6180,6183,6190,6195,6202,6205,6212,6218,6224,6227,6234,6240,6246,6249,6256,6262,6268,6271,6278,6282,6290,6293,6300,6307,6312,6315,6322,6328,6334,6337,6344,6348,6356,6359,6366,6370,6378,6381,6388,6392,6428,6431,6438,6442,6450,6453,6460,6467,6472,6475,6482,6489,6494,6497,6504,6508,6516,6519,6526,6532,6538,6541,6548,6552,6584,6587,6594,6600,6606,6609,6616,6623,6628,6631,6638,6643,6650,6653,6660,6664,6672,6675,6682,6686,6694,6697,6704,6709,6716,6719,6726,6732,6738,6741,6748,6817,6819,6821,6829,6832,6839,6842,6849,7642,7645,7980,7984,7988,7991,7995,7999,8003,8007,8011,8015,8019,8022,8027,8031,8034,8038,8043,8046,8051,8055,8062,8067,8071,8087,8091,8095,8099,8103,8107,8111,8119,8123,8127,8131,8143,8149,8160,8164,8169,8173,8187,8190,8199,8203,8223,8228,8258,8268,8278,8282,8291,8295,8300,8301,8309,8319,8323,8327,8331,8335,8343,8347,8351,8355,8359,8365,8375,8380,8384,8389,8393,8422,8427,8431,8436,8458,8462,8467,8475,8496,8514,8524,8544,8604,8611,8618,8620,8644,8652,8692,13295,13341,6020,6024,6030,6035,6044,6046,6052,6057,6066,6068,6074,6079,6088,6090,6096,6101,6108,6112,6118,6123,6133,6137,6143,6148,6156,6159,6165,6170,6178,6181,6187,6192,6199,6203,6209,6214,6222,6225,6231,6236,6244,6247,6253,6258,6266,6269,6275,6280,6286,6291,6297,6302,6311,6313,6319,6324,6332,6335,6341,6346,6352,6357,6363,6368,6374,6379,6385,6390,6410,6429,6435,6440,6446,6451,6457,6462,6471,6473,6479,6484,6493,6495,6501,6506,6512,6517,6523,6528,6536,6539,6545,6550,6568,6585,6591,6596,6604,6607,6613,6618,6627,6629,6635,6640,6647,6651,6657,6662,6668,6673,6679,6684,6690,6695,6701,6706,6713,6717,6723,6728,6736,6739,6745,6750,6752,6767,6770,6771,6774,6775,6776,6780,6788,6797,6818,6820,6825,6830,6836,6840,6846,6850,6856,6859,6862,6863,6869,6872,6875,6878,6879,6880,6896,6898,6901,6902,6903,6918,6921,6924,6925,6932,6946,6951,6954,6955,6961,6975,6979,6982,6983,6984,6988,6990,6993,6994,7000,7004,7008,7011,7012,7013,7016,7019,7022,7023,7029,7031,7035,7038,7039,7040,7042,7046,7049,7050,7051,7052,7057,7060,7061,7062,7064,7069,7072,7073,7074,7077,7080,7083,7084,7085,7089,7092,7095,7096,7102,7105,7107,7108,7111,7113,7117,7120,7121,7127,7134,7136,7139,7140,7141,7143,7147,7150,7151,7152,7155,7160,7163,7164,7170,7178,7184,7190,7193,7198,7201,7202,7208,7216,7222,7227,7236,7238,7241,7242,7249,7258,7260,7263,7264,7265,7273,7275,7278,7279,7285,7288,7292,7295,7296,7302,7305,7308,7311,7312,7313,7320,7323,7326,7327,7328,7331,7336,7339,7340,7346,7349
1,2,207,11
25,1,2,62
5,2
22,63,147,53,4,1,2,79,595,596,597,585,598,599,600,601
1,397,118,481,418,2
295,1,256,2
1,130,28,22,2
2,28,1,348,229
2,28,1,220,112
3,4,334,1,2
26,1,2,97
2,117
84,160,2,184,56
2,304
182,158,2,1
142,2
134,2,118
570,68,2,1,77
2,147,56,1
1,2,126
11,2,139,1
142,2
2,1,8
11,2,57,132
41,28,2,154,1
40,2,13,1,265
2,90,40,228,187
17,66,313,2,1
1,41,40,228,187,2,229
60,25,2,37,217,1,159,187
2,67
1,41,256,2,63
2,244,1
109,46,48,2,58,74
3,283,2,317,25
354,122,2,43,1
132,2,1,22,295
147,12,25,2
368,369,211,2,14
41,2,28,104
83,2,1
2,1,3,186,9
1,250,2,49,48
13,1,290,2,25,182,255,98
14,2,62,11
83,2,1
2,12,11,182,1
187,152,1,27,2
2,61,1,256,40
318,3,171,2,1,46,178,386
386,1,26,2,25
11,4,17,35,156,118,2
110,2,594,636,606,622,593
99,257,2,1,82
13,1,444,220,112,2
178,81,179,180,25,3,181,182,2,183
2,156,447
1,2,93
25,2,137,395
8,2,1
127,2,1,280,309,13,264,230
2,56,1
2,26,27,25,39
229,187,27,1,2
147,37,1,2
28,241,2,112,1,600
2,1,315,303,28
2,14,15,1
2,217,1,37
163,2,211,233
2,407
2,261,272
1,2,27,28,22
286,136,167,2,178,26
93,1,23,2,318,25,424
11,62,2,1
25,138,62,2,1,211
128,395,2
2,152
49,146,2
134,135,136,2
140,1,2,141
54,1,2
83,2
26,3,2
1,2,17,527,25,38
45,46,2,47,1,48
3,82,2,1,37,78
220,76,2
57,102,1,2
61,2,65,1,32
187,40,2,380
25,79,2,31,1
1,2,123
2,49,321,25,1,322,3,323
83,1,2
25,58,80,2
22,102,1,23,2,207,45
23,2,333,113,253
365,366,2,34,367
1,2,539
1,278,43,279,31,2
3,174,11,2,1
3,28,157,27,1,2
2,1,167
84,2,184
349,8,2,1,23,101,3,187,350
2,142
62,3,2,1
1,62,31,2
32,175,43,2
1,2,329
2,1,8,79
2,127,13
85,2
2,163,153,118
5,38,1,2,3
2,301,3,222,302
2,54,40,1
145,2
2,50
2,237,503
56,57,58,59,2,60
4,2,122
2,145
2,28,412,11,207
49,2,146
145,155,79,185,2
2,211
1,2,360
74,25,2,340
207,400,2
2,152,27
274,2,1
2,267,1
23,1,2,198,22
25,228,28,189,569,2,39
2,222,28
79,64,2
132,20,80,1,2,150
2,317,318,3,51,285,34,220,25,41
36,2
66,2
25,2,114,43,40,115,23,37,1
25,2,27,1
465,28,2,135,38,187,53,52
2,143
2,364
26,1,28,2,25,559,27
383,2
2,136,27,25,1,3
161,306,1,2,28
12,1,207,11,2
2,16
2,219,222,28
160,2,16
2,340
210,2,450,451,16,19,428
177,2,40,13,594,597,585,608,595,612,610,592,606,620
63,2
2,1,51
2,46,12,87
2,1,85
1,2,329
2,51,3
160,16,2
64,192,0,2,78,3
22,2,156,80,211
2,27,28,25
1,2,79,76
182,28,58,54,2
11,23,2,1
1,23,25,2,93
147,2
76,163,28,2
2,14,304,1,80
19,241,2,16
2,1,11,17
132,26,430,167,1,27,2
2,22,177
384,26,145,2
28,159,62,2,217
216,2,28
110,2,1
49,101,2
37,1,13,2
358,61,2,59,76,1,32,25
1,145,2
315,434,2
291,3,292,1,172,2
1,37,2,137
307,25,3,210,112,2,40,1,156,220
2,25,27
211,2,25
377,378,40,2,22,51
430,137,23,25,1,3,2,22
146,49,2,1,118,25
153,37,82,175,64,43,55,2
2,154
336,124,2,25
160,16,2,113
39,23,17,41,56,2,1,306
237,2,1,547
71,2,43,42,87,299
1,2,107,357
1,2,16,250,64,25,17
207,1,2
1,31,38,2
1,241,2
46,2,66,26,1
247,25,2
2,27,1,152
2,211,80,1,156,95,25,444,245,22
138,174,2,223
304,2,1
2,28,11
2,134,39,3,1
257,1,2,25
142,64,1,2,28
41,2
2,54
2,1,482,433,242,483
163,2,460
2,229,34
122,2,299
11,2,51,1,87
211,2,1
394,1,2
23,2,213,72,22
2,122,1,432
34,38,575,2,1
55,1,2,142
457,458,2,383,459,17,26,272,118
324,66,2,313,1,87,23
102,1,103,104,2
93,78,73,228,235,2
13,183,40,19,1,2
2,43,82,128,364,28,37
